Chrom	Window	Divergence	Coverage	Cent_pos
9	0	0.000e+00	1.000e-04	2800000
9	500000	2.242e-03	8.920e-02	2800000
9	1000000	3.956e-03	8.089e-01	2800000
9	1500000	1.560e-03	5.771e-01	2800000
9	2000000	1.447e-03	9.678e-01	2800000
9	2500000	9.475e-04	8.443e-01	2800000
9	3000000	2.301e-03	8.258e-01	2800000
9	3500000	1.596e-03	9.401e-01	2800000
9	4000000	2.335e-03	5.995e-01	2800000
9	4500000	3.317e-03	6.030e-02	2800000
9	5000000	3.018e-03	9.939e-01	2800000
9	5500000	7.576e-03	1.320e-02	2800000
9	6000000	8.773e-03	9.917e-01	2800000
9	6500000	4.143e-04	9.654e-01	2800000
9	7000000	3.574e-03	9.793e-01	2800000
9	7500000	8.546e-03	9.946e-01	2800000
9	8000000	0.000e+00	1.447e-01	2800000
9	8500000	0.000e+00	9.425e-01	2800000
9	9000000	1.263e-04	7.918e-01	2800000
9	9500000	8.529e-03	1.876e-01	2800000
9	10000000	1.085e-02	9.036e-01	2800000
9	10500000	2.649e-04	7.551e-01	2800000
9	11000000	0.000e+00	2.120e-01	2800000
9	11500000	0.000e+00	2.330e-02	2800000
9	12000000	1.022e-04	9.782e-01	2800000
9	12500000	1.203e-02	9.811e-01	2800000
9	13000000	1.730e-03	9.828e-01	2800000
9	13500000	3.398e-04	2.943e-01	2800000
9	14000000	8.650e-03	9.711e-01	2800000
9	14500000	0.000e+00	6.522e-01	2800000
9	15000000	0.000e+00	9.829e-01	2800000
9	15500000	1.014e-02	2.072e-01	2800000
9	16000000	1.596e-02	3.885e-01	2800000
9	16500000	0.000e+00	8.666e-01	2800000
9	17000000	0.000e+00	9.476e-01	2800000
9	17500000	0.000e+00	9.940e-01	2800000
9	18000000	1.003e-04	9.975e-01	2800000
9	18500000	0.000e+00	6.020e-01	2800000
9	19000000	1.016e-04	9.847e-01	2800000
9	19500000	4.576e-03	8.741e-01	2800000
9	20000000	1.705e-03	9.971e-01	2800000
9	20500000	0.000e+00	9.795e-01	2800000
9	21000000	4.717e-03	7.208e-01	2800000
9	21500000	1.005e-04	9.950e-01	2800000
9	22000000	0.000e+00	9.808e-01	2800000
9	22500000	0.000e+00	9.884e-01	2800000
10	0	0.000e+00	1.160e-02	8200000
10	500000	1.057e-04	9.461e-01	8200000
10	1000000	3.608e-03	9.424e-01	8200000
10	1500000	7.536e-04	1.327e-01	8200000
10	2000000	0.000e+00	2.900e-02	8200000
10	2500000	2.211e-04	9.046e-01	8200000
10	3000000	7.165e-03	6.839e-01	8200000
10	3500000	6.091e-03	9.850e-01	8200000
10	4000000	5.997e-03	6.336e-01	8200000
10	4500000	8.657e-03	9.934e-01	8200000
10	5000000	0.000e+00	1.228e-01	8200000
10	5500000	2.108e-03	6.641e-01	8200000
10	6000000	3.460e-03	5.780e-02	8200000
10	6500000	1.004e-04	9.960e-01	8200000
10	7000000	1.714e-04	5.833e-01	8200000
10	7500000	1.005e-04	9.948e-01	8200000
10	8000000	2.820e-03	2.128e-01	8200000
10	8500000	3.489e-04	5.732e-01	8200000
10	9000000	2.030e-04	9.851e-01	8200000
10	9500000	0.000e+00	3.727e-01	8200000
10	10000000	1.008e-04	9.923e-01	8200000
10	10500000	1.022e-04	9.785e-01	8200000
10	11000000	1.009e-04	9.913e-01	8200000
10	11500000	1.065e-04	9.387e-01	8200000
10	12000000	0.000e+00	9.942e-01	8200000
10	12500000	0.000e+00	2.750e-02	8200000
10	13000000	3.048e-04	9.844e-01	8200000
10	13500000	0.000e+00	9.260e-01	8200000
10	14000000	1.858e-04	5.383e-01	8200000
10	14500000	2.114e-04	9.460e-01	8200000
10	15000000	0.000e+00	1.797e-01	8200000
10	15500000	2.116e-04	9.453e-01	8200000
10	16000000	0.000e+00	9.932e-01	8200000
10	16500000	2.089e-04	9.576e-01	8200000
10	17000000	0.000e+00	9.778e-01	8200000
10	17500000	0.000e+00	9.929e-01	8200000
10	18000000	7.066e-04	9.907e-01	8200000
10	18500000	2.741e-03	9.850e-01	8200000
10	19000000	4.998e-03	9.403e-01	8200000
10	19500000	0.000e+00	7.785e-01	8200000
10	20000000	2.042e-04	9.794e-01	8200000
10	20500000	3.305e-03	3.934e-01	8200000
10	21000000	2.153e-04	4.644e-01	8200000
10	21500000	5.829e-03	9.950e-01	8200000
10	22000000	2.708e-03	9.971e-01	8200000
10	22500000	1.676e-03	8.355e-01	8200000
10	23000000	0.000e+00	9.854e-01	8200000
12	0	3.797e-03	1.580e-01	11900000
12	500000	1.308e-04	7.645e-01	11900000
12	1000000	0.000e+00	9.952e-01	11900000
12	1500000	0.000e+00	9.763e-01	11900000
12	2000000	0.000e+00	9.989e-01	11900000
12	2500000	2.027e-04	9.865e-01	11900000
12	3000000	3.535e-03	9.902e-01	11900000
12	3500000	4.247e-03	9.889e-01	11900000
12	4000000	0.000e+00	1.790e-02	11900000
12	4500000	1.053e-02	8.836e-01	11900000
12	5000000	0.000e+00	6.979e-01	11900000
12	5500000	0.000e+00	6.289e-01	11900000
12	6000000	0.000e+00	1.175e-01	11900000
12	6500000	0.000e+00	3.220e-02	11900000
12	7000000	1.011e-03	9.888e-01	11900000
12	7500000	7.916e-03	9.727e-01	11900000
12	8000000	9.281e-03	9.590e-01	11900000
12	8500000	0.000e+00	7.250e-02	11900000
12	9000000	1.110e-04	9.011e-01	11900000
12	9500000	0.000e+00	8.831e-01	11900000
12	10000000	0.000e+00	6.160e-02	11900000
12	10500000	2.116e-04	9.451e-01	11900000
12	11000000	8.189e-04	6.106e-01	11900000
12	11500000	0.000e+00	1.000e-04	11900000
12	12000000	0.000e+00	8.860e-02	11900000
12	12500000	0.000e+00	8.520e-02	11900000
12	13000000	1.128e-03	9.751e-01	11900000
12	13500000	0.000e+00	1.989e-01	11900000
12	14000000	2.480e-03	8.872e-01	11900000
12	14500000	8.354e-03	4.429e-01	11900000
12	15000000	4.983e-03	9.633e-01	11900000
12	15500000	1.008e-04	9.923e-01	11900000
12	16000000	0.000e+00	4.206e-01	11900000
12	16500000	1.131e-04	8.842e-01	11900000
12	17000000	0.000e+00	3.616e-01	11900000
12	17500000	0.000e+00	7.978e-01	11900000
12	18000000	8.487e-03	8.955e-01	11900000
12	18500000	0.000e+00	9.010e-02	11900000
12	19000000	0.000e+00	1.240e-02	11900000
12	19500000	7.912e-03	9.226e-01	11900000
12	20000000	7.649e-03	9.936e-01	11900000
12	20500000	0.000e+00	2.887e-01	11900000
12	21000000	1.331e-02	2.854e-01	11900000
12	21500000	0.000e+00	1.000e-04	11900000
12	22000000	0.000e+00	9.618e-01	11900000
12	22500000	4.354e-04	4.594e-01	11900000
12	23000000	0.000e+00	9.834e-01	11900000
12	23500000	0.000e+00	8.152e-01	11900000
12	24000000	2.252e-03	9.770e-01	11900000
12	24500000	1.658e-03	6.030e-02	11900000
12	25000000	0.000e+00	9.746e-01	11900000
12	25500000	0.000e+00	9.610e-01	11900000
12	26000000	0.000e+00	9.454e-01	11900000
12	26500000	1.422e-04	7.030e-01	11900000
12	27000000	5.866e-04	6.819e-01	11900000
8	0	1.114e-03	9.876e-01	12900000
8	500000	0.000e+00	9.963e-01	12900000
8	1000000	0.000e+00	9.481e-01	12900000
8	1500000	0.000e+00	9.753e-01	12900000
8	2000000	0.000e+00	6.806e-01	12900000
8	2500000	0.000e+00	9.877e-01	12900000
8	3000000	0.000e+00	9.952e-01	12900000
8	3500000	0.000e+00	9.932e-01	12900000
8	4000000	5.934e-03	6.404e-01	12900000
8	4500000	1.922e-03	9.883e-01	12900000
8	5000000	5.256e-03	7.610e-02	12900000
8	5500000	5.055e-03	4.154e-01	12900000
8	6000000	1.049e-04	9.531e-01	12900000
8	6500000	2.864e-03	1.746e-01	12900000
8	7000000	0.000e+00	3.875e-01	12900000
8	7500000	1.481e-02	8.441e-01	12900000
8	8000000	7.348e-03	7.485e-01	12900000
8	8500000	1.608e-03	9.953e-01	12900000
8	9000000	1.713e-02	8.174e-01	12900000
8	9500000	1.659e-02	8.741e-01	12900000
8	10000000	3.250e-03	7.076e-01	12900000
8	10500000	3.506e-03	9.413e-01	12900000
8	11000000	3.764e-03	3.454e-01	12900000
8	11500000	2.528e-03	8.704e-01	12900000
8	12000000	4.733e-04	2.113e-01	12900000
8	12500000	2.732e-03	2.196e-01	12900000
8	13000000	1.550e-03	7.099e-01	12900000
8	13500000	1.824e-03	3.289e-01	12900000
8	14000000	1.102e-03	9.984e-01	12900000
8	14500000	2.327e-03	9.883e-01	12900000
8	15000000	7.179e-03	7.661e-01	12900000
8	15500000	9.278e-03	8.084e-01	12900000
8	16000000	6.576e-03	4.106e-01	12900000
8	16500000	3.323e-03	9.932e-01	12900000
8	17000000	0.000e+00	7.360e-02	12900000
8	17500000	4.146e-03	9.889e-01	12900000
8	18000000	1.089e-04	9.185e-01	12900000
8	18500000	5.072e-03	9.859e-01	12900000
8	19000000	0.000e+00	9.845e-01	12900000
8	19500000	9.502e-03	8.840e-01	12900000
8	20000000	0.000e+00	9.884e-01	12900000
8	20500000	9.109e-03	9.222e-01	12900000
8	21000000	3.236e-03	9.889e-01	12900000
8	21500000	0.000e+00	9.821e-01	12900000
8	22000000	0.000e+00	9.987e-01	12900000
8	22500000	0.000e+00	4.658e-01	12900000
8	23000000	0.000e+00	8.331e-01	12900000
8	23500000	0.000e+00	1.333e-01	12900000
8	24000000	4.515e-03	9.746e-01	12900000
8	24500000	1.001e-04	9.994e-01	12900000
8	25000000	2.047e-04	9.772e-01	12900000
8	25500000	1.498e-03	4.674e-01	12900000
8	26000000	3.033e-04	9.892e-01	12900000
8	26500000	5.435e-03	9.751e-01	12900000
8	27000000	0.000e+00	6.470e-02	12900000
8	27500000	3.014e-03	9.954e-01	12900000
8	28000000	1.011e-04	9.894e-01	12900000
11	0	0.000e+00	2.166e-01	12000000
11	500000	3.423e-03	9.348e-01	12000000
11	1000000	1.200e-02	5.000e-01	12000000
11	1500000	0.000e+00	4.992e-01	12000000
11	2000000	0.000e+00	9.772e-01	12000000
11	2500000	0.000e+00	9.958e-01	12000000
11	3000000	1.466e-02	4.571e-01	12000000
11	3500000	2.051e-03	9.266e-01	12000000
11	4000000	2.502e-04	7.995e-01	12000000
11	4500000	1.862e-03	1.611e-01	12000000
11	5000000	0.000e+00	9.969e-01	12000000
11	5500000	0.000e+00	6.517e-01	12000000
11	6000000	0.000e+00	2.526e-01	12000000
11	6500000	0.000e+00	8.846e-01	12000000
11	7000000	2.873e-04	6.961e-01	12000000
11	7500000	0.000e+00	9.996e-01	12000000
11	8000000	1.703e-03	9.985e-01	12000000
11	8500000	1.353e-02	9.902e-01	12000000
11	9000000	5.660e-03	9.717e-01	12000000
11	9500000	0.000e+00	6.860e-02	12000000
11	10000000	7.899e-04	1.266e-01	12000000
11	10500000	1.415e-03	2.120e-01	12000000
11	11000000	0.000e+00	8.091e-01	12000000
11	11500000	1.223e-04	8.176e-01	12000000
11	12000000	0.000e+00	9.920e-01	12000000
11	12500000	2.880e-04	6.944e-01	12000000
11	13000000	0.000e+00	6.757e-01	12000000
11	13500000	0.000e+00	9.819e-01	12000000
11	14000000	0.000e+00	5.952e-01	12000000
11	14500000	2.944e-03	9.850e-01	12000000
11	15000000	8.743e-03	9.836e-01	12000000
11	15500000	3.436e-03	5.820e-02	12000000
11	16000000	0.000e+00	7.983e-01	12000000
11	16500000	1.122e-02	9.803e-01	12000000
11	17000000	0.000e+00	8.617e-01	12000000
11	17500000	0.000e+00	1.500e-02	12000000
11	18000000	2.231e-03	9.861e-01	12000000
11	18500000	6.940e-03	8.502e-01	12000000
11	19000000	5.164e-03	9.876e-01	12000000
11	19500000	2.942e-03	8.837e-01	12000000
11	20000000	0.000e+00	4.703e-01	12000000
11	20500000	7.730e-03	9.444e-01	12000000
11	21000000	2.633e-03	9.876e-01	12000000
11	21500000	1.575e-02	4.698e-01	12000000
11	22000000	8.103e-03	9.749e-01	12000000
11	22500000	0.000e+00	8.622e-01	12000000
11	23000000	0.000e+00	1.880e-02	12000000
11	23500000	0.000e+00	8.152e-01	12000000
11	24000000	0.000e+00	9.400e-03	12000000
11	24500000	0.000e+00	9.951e-01	12000000
11	25000000	2.883e-03	3.469e-01	12000000
11	25500000	2.583e-03	5.808e-01	12000000
11	26000000	0.000e+00	9.861e-01	12000000
11	26500000	0.000e+00	4.260e-01	12000000
11	27000000	0.000e+00	9.537e-01	12000000
11	27500000	3.723e-03	9.938e-01	12000000
11	28000000	0.000e+00	1.000e-04	12000000
7	0	1.843e-03	9.768e-01	12100000
7	500000	1.804e-03	9.977e-01	12100000
7	1000000	0.000e+00	9.978e-01	12100000
7	1500000	0.000e+00	5.468e-01	12100000
7	2000000	0.000e+00	9.782e-01	12100000
7	2500000	5.388e-03	8.909e-01	12100000
7	3000000	0.000e+00	1.601e-01	12100000
7	3500000	1.952e-04	5.123e-01	12100000
7	4000000	0.000e+00	9.965e-01	12100000
7	4500000	4.039e-04	9.903e-01	12100000
7	5000000	1.004e-04	9.960e-01	12100000
7	5500000	1.028e-04	9.727e-01	12100000
7	6000000	1.039e-03	9.623e-01	12100000
7	6500000	2.920e-03	6.850e-02	12100000
7	7000000	0.000e+00	1.000e-04	12100000
7	7500000	1.173e-02	9.295e-01	12100000
7	8000000	7.944e-03	8.938e-01	12100000
7	8500000	8.151e-03	7.116e-01	12100000
7	9000000	1.002e-02	9.880e-01	12100000
7	9500000	2.850e-03	8.421e-01	12100000
7	10000000	6.164e-03	9.896e-01	12100000
7	10500000	1.124e-02	9.522e-01	12100000
7	11000000	5.313e-03	9.787e-01	12100000
7	11500000	1.630e-03	9.205e-01	12100000
7	12000000	1.110e-02	1.801e-01	12100000
7	12500000	5.386e-03	9.840e-01	12100000
7	13000000	2.528e-03	3.560e-01	12100000
7	13500000	2.518e-03	9.927e-01	12100000
7	14000000	0.000e+00	1.641e-01	12100000
7	14500000	4.407e-04	9.076e-01	12100000
7	15000000	0.000e+00	7.403e-01	12100000
7	15500000	1.637e-03	6.720e-01	12100000
7	16000000	0.000e+00	9.953e-01	12100000
7	16500000	7.180e-03	9.889e-01	12100000
7	17000000	0.000e+00	1.687e-01	12100000
7	17500000	1.400e-02	6.142e-01	12100000
7	18000000	2.123e-03	1.413e-01	12100000
7	18500000	0.000e+00	9.665e-01	12100000
7	19000000	0.000e+00	2.067e-01	12100000
7	19500000	1.133e-04	8.825e-01	12100000
7	20000000	0.000e+00	8.091e-01	12100000
7	20500000	0.000e+00	8.507e-01	12100000
7	21000000	0.000e+00	3.473e-01	12100000
7	21500000	1.673e-03	6.576e-01	12100000
7	22000000	2.211e-03	9.950e-01	12100000
7	22500000	1.080e-04	9.259e-01	12100000
7	23000000	3.423e-03	4.967e-01	12100000
7	23500000	7.038e-03	9.520e-01	12100000
7	24000000	3.941e-03	9.897e-01	12100000
7	24500000	0.000e+00	4.544e-01	12100000
7	25000000	1.619e-03	9.881e-01	12100000
7	25500000	3.796e-03	9.747e-01	12100000
7	26000000	2.124e-03	9.889e-01	12100000
7	26500000	4.668e-03	8.140e-01	12100000
7	27000000	1.804e-03	9.979e-01	12100000
7	27500000	9.479e-03	3.798e-01	12100000
7	28000000	1.000e-04	9.998e-01	12100000
7	28500000	0.000e+00	1.000e-04	12100000
7	29000000	1.623e-04	6.160e-01	12100000
7	29500000	1.017e-04	9.836e-01	12100000
5	0	6.757e-03	1.480e-02	12400000
5	500000	4.371e-03	3.889e-01	12400000
5	1000000	0.000e+00	9.966e-01	12400000
5	1500000	1.730e-03	9.828e-01	12400000
5	2000000	1.931e-04	5.180e-01	12400000
5	2500000	1.607e-03	9.957e-01	12400000
5	3000000	4.237e-03	5.664e-01	12400000
5	3500000	5.047e-03	9.906e-01	12400000
5	4000000	0.000e+00	5.500e-03	12400000
5	4500000	0.000e+00	3.122e-01	12400000
5	5000000	0.000e+00	1.600e-02	12400000
5	5500000	7.720e-03	9.586e-01	12400000
5	6000000	1.494e-02	3.950e-01	12400000
5	6500000	1.458e-03	9.600e-01	12400000
5	7000000	1.083e-02	9.789e-01	12400000
5	7500000	3.033e-04	9.890e-01	12400000
5	8000000	1.020e-04	9.808e-01	12400000
5	8500000	9.211e-03	7.817e-01	12400000
5	9000000	3.495e-03	4.578e-01	12400000
5	9500000	2.936e-04	3.406e-01	12400000
5	10000000	1.027e-03	1.948e-01	12400000
5	10500000	0.000e+00	3.343e-01	12400000
5	11000000	0.000e+00	7.887e-01	12400000
5	11500000	0.000e+00	8.930e-02	12400000
5	12000000	0.000e+00	6.798e-01	12400000
5	12500000	0.000e+00	7.000e-02	12400000
5	13000000	0.000e+00	9.986e-01	12400000
5	13500000	0.000e+00	9.962e-01	12400000
5	14000000	3.258e-04	9.208e-01	12400000
5	14500000	2.366e-04	4.227e-01	12400000
5	15000000	6.471e-03	9.890e-01	12400000
5	15500000	6.686e-03	9.872e-01	12400000
5	16000000	3.824e-03	5.753e-01	12400000
5	16500000	6.032e-04	9.947e-01	12400000
5	17000000	2.916e-03	9.944e-01	12400000
5	17500000	1.009e-04	9.911e-01	12400000
5	18000000	2.925e-03	9.916e-01	12400000
5	18500000	4.293e-03	5.591e-01	12400000
5	19000000	1.014e-04	9.860e-01	12400000
5	19500000	2.686e-04	7.446e-01	12400000
5	20000000	0.000e+00	8.742e-01	12400000
5	20500000	0.000e+00	9.940e-01	12400000
5	21000000	3.127e-04	9.594e-01	12400000
5	21500000	0.000e+00	4.615e-01	12400000
5	22000000	5.897e-03	9.666e-01	12400000
5	22500000	4.847e-03	9.903e-01	12400000
5	23000000	8.323e-03	5.647e-01	12400000
5	23500000	9.311e-03	5.370e-02	12400000
5	24000000	6.030e-04	9.951e-01	12400000
5	24500000	6.322e-03	5.220e-01	12400000
5	25000000	0.000e+00	9.634e-01	12400000
5	25500000	0.000e+00	9.951e-01	12400000
5	26000000	0.000e+00	5.583e-01	12400000
5	26500000	0.000e+00	9.877e-01	12400000
5	27000000	0.000e+00	9.649e-01	12400000
5	27500000	0.000e+00	5.343e-01	12400000
5	28000000	7.054e-04	9.923e-01	12400000
5	28500000	0.000e+00	9.936e-01	12400000
5	29000000	3.113e-04	9.637e-01	12400000
5	29500000	0.000e+00	9.849e-01	12400000
6	0	0.000e+00	1.190e-01	15300000
6	500000	2.977e-03	9.069e-01	15300000
6	1000000	0.000e+00	1.000e-04	15300000
6	1500000	3.115e-03	9.951e-01	15300000
6	2000000	1.321e-03	9.844e-01	15300000
6	2500000	3.918e-03	9.955e-01	15300000
6	3000000	0.000e+00	3.218e-01	15300000
6	3500000	4.177e-04	4.788e-01	15300000
6	4000000	0.000e+00	9.787e-01	15300000
6	4500000	0.000e+00	4.633e-01	15300000
6	5000000	0.000e+00	9.989e-01	15300000
6	5500000	1.002e-04	9.982e-01	15300000
6	6000000	2.024e-04	9.880e-01	15300000
6	6500000	0.000e+00	9.824e-01	15300000
6	7000000	0.000e+00	9.507e-01	15300000
6	7500000	0.000e+00	9.998e-01	15300000
6	8000000	0.000e+00	9.935e-01	15300000
6	8500000	0.000e+00	9.990e-01	15300000
6	9000000	0.000e+00	3.758e-01	15300000
6	9500000	0.000e+00	1.469e-01	15300000
6	10000000	4.627e-03	9.942e-01	15300000
6	10500000	0.000e+00	1.000e-04	15300000
6	11000000	0.000e+00	9.889e-01	15300000
6	11500000	3.683e-04	5.431e-01	15300000
6	12000000	0.000e+00	8.204e-01	15300000
6	12500000	4.105e-04	7.308e-01	15300000
6	13000000	0.000e+00	8.639e-01	15300000
6	13500000	1.305e-03	9.959e-01	15300000
6	14000000	1.096e-02	9.400e-01	15300000
6	14500000	1.023e-04	9.778e-01	15300000
6	15000000	0.000e+00	9.733e-01	15300000
6	15500000	0.000e+00	9.177e-01	15300000
6	16000000	0.000e+00	9.933e-01	15300000
6	16500000	0.000e+00	9.604e-01	15300000
6	17000000	5.604e-03	1.249e-01	15300000
6	17500000	2.054e-04	9.738e-01	15300000
6	18000000	1.807e-03	9.962e-01	15300000
6	18500000	2.100e-03	4.286e-01	15300000
6	19000000	3.789e-03	9.500e-01	15300000
6	19500000	0.000e+00	9.972e-01	15300000
6	20000000	3.432e-04	8.742e-01	15300000
6	20500000	0.000e+00	2.913e-01	15300000
6	21000000	0.000e+00	9.818e-01	15300000
6	21500000	0.000e+00	1.000e-04	15300000
6	22000000	0.000e+00	7.185e-01	15300000
6	22500000	1.830e-03	3.278e-01	15300000
6	23000000	0.000e+00	1.236e-01	15300000
6	23500000	0.000e+00	7.586e-01	15300000
6	24000000	0.000e+00	5.915e-01	15300000
6	24500000	2.225e-04	8.990e-01	15300000
6	25000000	1.718e-03	9.898e-01	15300000
6	25500000	1.013e-04	9.871e-01	15300000
6	26000000	1.500e-04	6.667e-01	15300000
6	26500000	1.026e-04	9.748e-01	15300000
6	27000000	3.762e-03	9.834e-01	15300000
6	27500000	0.000e+00	3.932e-01	15300000
6	28000000	9.935e-03	8.254e-01	15300000
6	28500000	0.000e+00	4.139e-01	15300000
6	29000000	2.347e-04	4.260e-01	15300000
6	29500000	0.000e+00	9.997e-01	15300000
6	30000000	6.940e-04	1.441e-01	15300000
6	30500000	0.000e+00	9.586e-01	15300000
6	31000000	3.007e-04	9.978e-01	15300000
4	0	0.000e+00	5.712e-01	9700000
4	500000	6.138e-03	7.169e-01	9700000
4	1000000	4.587e-03	9.374e-01	9700000
4	1500000	7.849e-04	1.274e-01	9700000
4	2000000	5.382e-03	9.848e-01	9700000
4	2500000	0.000e+00	9.309e-01	9700000
4	3000000	0.000e+00	1.569e-01	9700000
4	3500000	0.000e+00	3.426e-01	9700000
4	4000000	1.418e-03	2.821e-01	9700000
4	4500000	1.057e-02	9.557e-01	9700000
4	5000000	2.096e-03	6.201e-01	9700000
4	5500000	1.678e-04	5.960e-01	9700000
4	6000000	8.322e-03	3.605e-01	9700000
4	6500000	1.008e-04	9.919e-01	9700000
4	7000000	0.000e+00	9.176e-01	9700000
4	7500000	0.000e+00	8.803e-01	9700000
4	8000000	0.000e+00	1.000e-04	9700000
4	8500000	0.000e+00	5.976e-01	9700000
4	9000000	0.000e+00	2.354e-01	9700000
4	9500000	0.000e+00	6.240e-02	9700000
4	10000000	1.013e-04	9.872e-01	9700000
4	10500000	0.000e+00	9.010e-02	9700000
4	11000000	0.000e+00	3.013e-01	9700000
4	11500000	0.000e+00	9.657e-01	9700000
4	12000000	0.000e+00	5.181e-01	9700000
4	12500000	0.000e+00	8.840e-02	9700000
4	13000000	0.000e+00	9.570e-02	9700000
4	13500000	1.481e-04	6.754e-01	9700000
4	14000000	0.000e+00	7.819e-01	9700000
4	14500000	0.000e+00	8.513e-01	9700000
4	15000000	0.000e+00	7.133e-01	9700000
4	15500000	0.000e+00	1.000e-04	9700000
4	16000000	0.000e+00	3.371e-01	9700000
4	16500000	1.002e-04	9.982e-01	9700000
4	17000000	5.614e-03	9.618e-01	9700000
4	17500000	3.576e-03	1.678e-01	9700000
4	18000000	0.000e+00	9.982e-01	9700000
4	18500000	1.149e-02	3.569e-01	9700000
4	19000000	6.187e-03	9.859e-01	9700000
4	19500000	6.477e-03	9.881e-01	9700000
4	20000000	6.742e-03	8.455e-01	9700000
4	20500000	1.126e-04	8.879e-01	9700000
4	21000000	0.000e+00	9.380e-02	9700000
4	21500000	0.000e+00	9.961e-01	9700000
4	22000000	4.670e-03	9.850e-01	9700000
4	22500000	0.000e+00	7.870e-02	9700000
4	23000000	6.663e-03	9.906e-01	9700000
4	23500000	2.816e-03	9.944e-01	9700000
4	24000000	9.285e-03	9.801e-01	9700000
4	24500000	8.851e-03	9.152e-01	9700000
4	25000000	6.143e-03	9.930e-01	9700000
4	25500000	3.871e-03	9.558e-01	9700000
4	26000000	0.000e+00	9.987e-01	9700000
4	26500000	3.031e-03	9.897e-01	9700000
4	27000000	5.025e-03	9.951e-01	9700000
4	27500000	0.000e+00	9.348e-01	9700000
4	28000000	7.957e-03	9.803e-01	9700000
4	28500000	6.605e-03	5.905e-01	9700000
4	29000000	8.338e-03	9.955e-01	9700000
4	29500000	4.825e-03	8.290e-02	9700000
4	30000000	0.000e+00	9.922e-01	9700000
4	30500000	2.006e-04	9.970e-01	9700000
4	31000000	6.436e-03	9.788e-01	9700000
4	31500000	1.005e-04	9.953e-01	9700000
4	32000000	4.443e-03	9.904e-01	9700000
4	32500000	5.196e-03	9.623e-01	9700000
4	33000000	4.842e-03	9.913e-01	9700000
4	33500000	1.010e-04	9.901e-01	9700000
4	34000000	2.862e-04	6.988e-01	9700000
4	34500000	6.434e-03	7.927e-01	9700000
4	35000000	0.000e+00	1.000e-04	9700000
2	0	0.000e+00	9.850e-01	13600000
2	500000	1.306e-03	9.956e-01	13600000
2	1000000	1.803e-03	9.985e-01	13600000
2	1500000	6.890e-03	7.692e-01	13600000
2	2000000	2.000e-04	9.998e-01	13600000
2	2500000	0.000e+00	9.679e-01	13600000
2	3000000	0.000e+00	1.000e-04	13600000
2	3500000	0.000e+00	9.910e-01	13600000
2	4000000	0.000e+00	7.317e-01	13600000
2	4500000	0.000e+00	9.771e-01	13600000
2	5000000	0.000e+00	9.848e-01	13600000
2	5500000	0.000e+00	9.991e-01	13600000
2	6000000	6.868e-03	9.901e-01	13600000
2	6500000	0.000e+00	4.030e-02	13600000
2	7000000	6.568e-04	7.613e-01	13600000
2	7500000	0.000e+00	9.820e-01	13600000
2	8000000	1.002e-04	9.981e-01	13600000
2	8500000	0.000e+00	5.097e-01	13600000
2	9000000	1.252e-04	7.988e-01	13600000
2	9500000	0.000e+00	9.909e-01	13600000
2	10000000	0.000e+00	9.868e-01	13600000
2	10500000	5.172e-03	9.861e-01	13600000
2	11000000	0.000e+00	9.849e-01	13600000
2	11500000	0.000e+00	9.004e-01	13600000
2	12000000	1.006e-03	9.938e-01	13600000
2	12500000	8.362e-03	9.687e-01	13600000
2	13000000	2.302e-03	9.990e-01	13600000
2	13500000	3.751e-03	9.598e-01	13600000
2	14000000	2.519e-03	9.924e-01	13600000
2	14500000	4.438e-03	9.688e-01	13600000
2	15000000	4.875e-03	9.847e-01	13600000
2	15500000	3.583e-03	6.140e-01	13600000
2	16000000	5.727e-03	4.365e-01	13600000
2	16500000	6.411e-03	7.487e-01	13600000
2	17000000	0.000e+00	6.901e-01	13600000
2	17500000	7.034e-03	9.810e-01	13600000
2	18000000	3.630e-03	9.916e-01	13600000
2	18500000	1.039e-04	9.624e-01	13600000
2	19000000	0.000e+00	1.000e+00	13600000
2	19500000	2.281e-04	8.769e-01	13600000
2	20000000	1.472e-02	9.921e-01	13600000
2	20500000	4.044e-03	2.473e-01	13600000
2	21000000	1.574e-02	5.973e-01	13600000
2	21500000	3.641e-03	9.887e-01	13600000
2	22000000	6.726e-03	8.772e-01	13600000
2	22500000	0.000e+00	7.230e-02	13600000
2	23000000	9.426e-03	6.790e-01	13600000
2	23500000	0.000e+00	8.533e-01	13600000
2	24000000	0.000e+00	9.634e-01	13600000
2	24500000	2.302e-03	9.990e-01	13600000
2	25000000	0.000e+00	4.655e-01	13600000
2	25500000	2.874e-03	9.394e-01	13600000
2	26000000	0.000e+00	5.707e-01	13600000
2	26500000	0.000e+00	9.793e-01	13600000
2	27000000	0.000e+00	9.879e-01	13600000
2	27500000	0.000e+00	7.755e-01	13600000
2	28000000	1.033e-04	9.679e-01	13600000
2	28500000	0.000e+00	9.585e-01	13600000
2	29000000	1.392e-02	4.741e-01	13600000
2	29500000	7.558e-03	8.865e-01	13600000
2	30000000	1.008e-04	9.920e-01	13600000
2	30500000	0.000e+00	9.928e-01	13600000
2	31000000	2.732e-03	9.882e-01	13600000
2	31500000	3.234e-03	9.894e-01	13600000
2	32000000	2.037e-04	9.818e-01	13600000
2	32500000	9.921e-04	6.048e-01	13600000
2	33000000	1.284e-03	7.790e-02	13600000
2	33500000	1.202e-04	8.317e-01	13600000
2	34000000	2.020e-04	9.903e-01	13600000
2	34500000	8.443e-03	1.895e-01	13600000
2	35000000	4.031e-03	9.674e-01	13600000
2	35500000	2.981e-03	9.727e-01	13600000
3	0	3.852e-03	1.298e-01	19400000
3	500000	4.061e-03	8.618e-01	19400000
3	1000000	1.045e-04	9.565e-01	19400000
3	1500000	2.102e-03	7.610e-01	19400000
3	2000000	0.000e+00	9.977e-01	19400000
3	2500000	1.005e-04	9.954e-01	19400000
3	3000000	0.000e+00	8.627e-01	19400000
3	3500000	2.008e-04	9.962e-01	19400000
3	4000000	2.626e-03	9.902e-01	19400000
3	4500000	1.005e-04	9.948e-01	19400000
3	5000000	2.098e-04	9.535e-01	19400000
3	5500000	0.000e+00	9.939e-01	19400000
3	6000000	3.936e-03	9.908e-01	19400000
3	6500000	7.375e-04	9.491e-01	19400000
3	7000000	2.154e-03	8.820e-01	19400000
3	7500000	2.318e-03	9.923e-01	19400000
3	8000000	2.135e-04	9.366e-01	19400000
3	8500000	0.000e+00	3.851e-01	19400000
3	9000000	0.000e+00	9.446e-01	19400000
3	9500000	0.000e+00	9.689e-01	19400000
3	10000000	2.019e-04	9.907e-01	19400000
3	10500000	0.000e+00	7.571e-01	19400000
3	11000000	3.458e-03	9.832e-01	19400000
3	11500000	3.006e-03	9.648e-01	19400000
3	12000000	1.104e-03	9.962e-01	19400000
3	12500000	7.115e-03	9.839e-01	19400000
3	13000000	4.820e-03	9.959e-01	19400000
3	13500000	0.000e+00	7.960e-02	19400000
3	14000000	6.230e-03	9.952e-01	19400000
3	14500000	2.748e-03	9.460e-01	19400000
3	15000000	1.007e-04	9.927e-01	19400000
3	15500000	3.986e-03	9.784e-01	19400000
3	16000000	1.033e-04	9.682e-01	19400000
3	16500000	1.054e-04	9.488e-01	19400000
3	17000000	0.000e+00	7.184e-01	19400000
3	17500000	1.003e-04	9.972e-01	19400000
3	18000000	0.000e+00	9.891e-01	19400000
3	18500000	0.000e+00	1.511e-01	19400000
3	19000000	0.000e+00	9.869e-01	19400000
3	19500000	0.000e+00	9.534e-01	19400000
3	20000000	2.021e-04	9.894e-01	19400000
3	20500000	2.010e-04	9.952e-01	19400000
3	21000000	1.061e-04	9.425e-01	19400000
3	21500000	7.223e-03	6.922e-01	19400000
3	22000000	9.108e-04	9.881e-01	19400000
3	22500000	0.000e+00	7.009e-01	19400000
3	23000000	0.000e+00	9.664e-01	19400000
3	23500000	1.045e-04	9.572e-01	19400000
3	24000000	2.018e-04	9.911e-01	19400000
3	24500000	1.023e-04	9.776e-01	19400000
3	25000000	0.000e+00	5.408e-01	19400000
3	25500000	2.310e-03	9.956e-01	19400000
3	26000000	1.014e-04	9.866e-01	19400000
3	26500000	1.004e-04	9.965e-01	19400000
3	27000000	0.000e+00	8.280e-01	19400000
3	27500000	0.000e+00	9.889e-01	19400000
3	28000000	0.000e+00	9.774e-01	19400000
3	28500000	1.017e-04	9.835e-01	19400000
3	29000000	8.412e-03	9.748e-01	19400000
3	29500000	2.217e-04	9.022e-01	19400000
3	30000000	0.000e+00	8.682e-01	19400000
3	30500000	1.022e-04	9.784e-01	19400000
3	31000000	2.051e-04	9.752e-01	19400000
3	31500000	0.000e+00	9.962e-01	19400000
3	32000000	2.074e-04	9.643e-01	19400000
3	32500000	2.051e-04	9.749e-01	19400000
3	33000000	2.758e-03	9.788e-01	19400000
3	33500000	0.000e+00	9.982e-01	19400000
3	34000000	0.000e+00	9.926e-01	19400000
3	34500000	6.505e-03	9.839e-01	19400000
3	35000000	5.632e-03	9.766e-01	19400000
3	35500000	0.000e+00	9.893e-01	19400000
3	36000000	6.682e-03	4.490e-02	19400000
1	0	0.000e+00	9.918e-01	16700000
1	500000	2.607e-03	9.973e-01	16700000
1	1000000	4.040e-03	8.663e-01	16700000
1	1500000	1.219e-03	9.847e-01	16700000
1	2000000	4.738e-03	7.810e-01	16700000
1	2500000	0.000e+00	8.680e-02	16700000
1	3000000	4.440e-04	9.010e-01	16700000
1	3500000	0.000e+00	9.989e-01	16700000
1	4000000	0.000e+00	9.847e-01	16700000
1	4500000	1.409e-03	9.935e-01	16700000
1	5000000	3.055e-03	9.821e-01	16700000
1	5500000	1.003e-04	9.972e-01	16700000
1	6000000	5.432e-03	9.573e-01	16700000
1	6500000	1.012e-04	9.883e-01	16700000
1	7000000	8.841e-03	9.841e-01	16700000
1	7500000	0.000e+00	9.903e-01	16700000
1	8000000	9.287e-03	9.045e-01	16700000
1	8500000	1.003e-04	9.973e-01	16700000
1	9000000	0.000e+00	9.947e-01	16700000
1	9500000	0.000e+00	9.926e-01	16700000
1	10000000	7.249e-03	9.795e-01	16700000
1	10500000	3.507e-03	9.979e-01	16700000
1	11000000	5.012e-03	9.377e-01	16700000
1	11500000	1.332e-02	9.687e-01	16700000
1	12000000	0.000e+00	7.810e-02	16700000
1	12500000	1.329e-02	6.924e-01	16700000
1	13000000	0.000e+00	3.490e-02	16700000
1	13500000	3.235e-03	9.891e-01	16700000
1	14000000	0.000e+00	9.812e-01	16700000
1	14500000	5.092e-03	9.820e-01	16700000
1	15000000	2.774e-03	3.244e-01	16700000
1	15500000	9.468e-03	5.598e-01	16700000
1	16000000	1.970e-02	6.600e-02	16700000
1	16500000	7.037e-03	9.947e-01	16700000
1	17000000	9.541e-03	9.852e-01	16700000
1	17500000	1.185e-02	9.115e-01	16700000
1	18000000	9.458e-03	9.516e-01	16700000
1	18500000	0.000e+00	5.373e-01	16700000
1	19000000	8.003e-04	9.996e-01	16700000
1	19500000	1.300e-02	4.537e-01	16700000
1	20000000	5.612e-03	6.237e-01	16700000
1	20500000	2.460e-04	4.065e-01	16700000
1	21000000	1.001e-04	9.988e-01	16700000
1	21500000	0.000e+00	4.960e-02	16700000
1	22000000	1.172e-02	9.559e-01	16700000
1	22500000	1.927e-03	5.190e-02	16700000
1	23000000	0.000e+00	7.864e-01	16700000
1	23500000	1.012e-04	9.884e-01	16700000
1	24000000	1.091e-04	9.163e-01	16700000
1	24500000	0.000e+00	9.294e-01	16700000
1	25000000	1.005e-04	9.948e-01	16700000
1	25500000	1.004e-04	9.962e-01	16700000
1	26000000	5.868e-03	6.987e-01	16700000
1	26500000	0.000e+00	9.966e-01	16700000
1	27000000	4.146e-03	9.889e-01	16700000
1	27500000	5.759e-03	8.682e-01	16700000
1	28000000	1.007e-04	9.927e-01	16700000
1	28500000	0.000e+00	3.884e-01	16700000
1	29000000	0.000e+00	1.285e-01	16700000
1	29500000	1.006e-04	9.945e-01	16700000
1	30000000	1.213e-03	9.895e-01	16700000
1	30500000	2.082e-04	9.607e-01	16700000
1	31000000	3.563e-04	8.419e-01	16700000
1	31500000	1.819e-03	9.897e-01	16700000
1	32000000	0.000e+00	9.961e-01	16700000
1	32500000	8.706e-04	6.892e-01	16700000
1	33000000	0.000e+00	3.392e-01	16700000
1	33500000	0.000e+00	8.000e-03	16700000
1	34000000	5.379e-03	5.577e-01	16700000
1	34500000	1.009e-04	9.913e-01	16700000
1	35000000	7.624e-04	3.935e-01	16700000
1	35500000	1.703e-03	9.985e-01	16700000
1	36000000	1.406e-03	9.955e-01	16700000
1	36500000	2.737e-03	1.096e-01	16700000
1	37000000	3.202e-03	9.681e-01	16700000
1	37500000	1.909e-03	9.951e-01	16700000
1	38000000	1.909e-03	9.951e-01	16700000
1	38500000	1.650e-03	9.695e-01	16700000
1	39000000	1.231e-03	9.748e-01	16700000
1	39500000	6.277e-04	3.186e-01	16700000
1	40000000	3.137e-03	9.881e-01	16700000
1	40500000	3.049e-03	7.215e-01	16700000
1	41000000	2.734e-03	9.877e-01	16700000
1	41500000	0.000e+00	9.857e-01	16700000
1	42000000	7.639e-03	9.556e-01	16700000
1	42500000	1.342e-03	7.450e-02	16700000
1	43000000	6.155e-03	9.585e-01	16700000
